9
1
25
38
89
47
85
13
12
12
1
69
70
29
2
31
88
72
96
64
12
59
91
87
52
56
20
92
19
33
2
55
79
22
82
86
91
74
99
88
2
95
30
64
59
73
82
54
22
23
48
56
14
48
55
67
12
81
46
49
48
11
91
78
64
27
35
27
46
1
90
96
54
68
97
84
78
80
45
28
49
35
85
78
5
16
48
18
97
86
26
63
45
20
24
44
38
10
89
84
28
62
48
37
42
98
91
27
65
0
38
79
54
40
25
10
9
37
5
87
22
26
87
9
13
37
23
21
40
94
82
98
62
66
22
74
83
35
68
41
10
88
77
53
55
83
23
40
69
3
21
91
84
64
37
41
70
51
84
10
87
42
36
40
63
33
36
35
85
41
37
15
59
78
22
96
9
9
65
30
62
83
81
98
20
69
90
27
95
58
37
67
12
46
22
70
82
38
35
26
26
11
13
92
87
51
80
41
46
62
92
34
12
47
8
62
81
47
45
78
20
13
94
66
57
39
44
11
41
60
53
90
96
31
69
59
42
54
45
69
12
90
84
99
78
94
86
27
11
54
59
70
68
18
74
30
27
24
0
38
12
35
58
43
57
81
84
7
4
66
9
51
77
44
7
20
17
32
57
85
6
31
15
42
57
84
80
17
23
44
3
16
100
96
79
45
73
44
78
82
81
60
65
68
44
40
100
8
99
16
29
2
85
90
40
81
52
18
95
40
67
2
40
19
74
85
94
25
67
10
76
94
85
70
31
30
74
52
25
45
36
78
67
88
67
82
32
30
11
72
21
94
17
60
14
12
83
2
15
67
22
73
34
98
66
74
10
72
10
82
5
43
21
15
11
27
39
87
80
40
95
26
81
41
97
25
75
70
48
21
46
72
90
79
12
6
75
82
97
19
26
66
88
97
89
80
77
26
45
29
92
89
10
39
89
39
90
91
78
32
58
81
99
13
81
32
31
31
94
57
27
62
91
29
32
74
87
5
56
91
64
34
10
71
83
8
65
97
50
58
64
77
15
23
72
93
100
11
14
58
87
65
87
86
86
96
29
11
87
34
4
64
38
50
31
29
90
33
59
18
34
85
79
96
2
46
40
2
94
67
46
55
62
91
26
15
90
69
97
5
82
16
84
51
3
83
88
59
21
46
6
7
93
87
43
80
75
3
32
96
25
99
95
71
29
59
70
46
7
70
97
13
62
6
22
67
58
48
5
2
62
14
52
34
87
69
85
43
85
58
8
95
98
53
78
20
60
87
24
74
27
1
42
44
21
76
74
63
57
62
84
58
69
26
22
87
78
94
35
32
81
64
61
76
47
55
31
92
35
43
32
16
64
4
17
58
7
72
10
41
33
43
32
16
46
83
5
75
31
59
22
52
64
35
55
77
82
75
77
75
29
48
41
97
96
73
63
54
67
12
70
39
46
73
7
33
80
23
39
75
16
64
81
12
98
22
28
77
77
3
74
14
41
9
19
8
91
47
63
45
70
49
64
23
5
30
37
70
94
47
9
82
13
74
85
93
54
91
64
53
99
42
34
46
47
29
85
46
49
7
3
3
56
60
21
13
26
89
19
36
44
2
98
63
56
56
31
45
51
59
16
26
8
64
95
83
7
59
90
2
33
29
48
89
25
7
86
83
15
0
41
3
42
17
74
98
46
23
8
15
67
55
18
78
30
2
95
38
95
18
65
54
14
27
34
80
8
73
100
89
47
22
62
63
70
62
21
75
99
74
66
90
59
38
71
16
51
89
99
90
17
52
12
15
70
84
53
80
42
15
93
13
41
94
13
16
55
55
91
61
42
58
69
67
31
46
66
21
66
65
46
52
76
52
87
14
99
78
40
34
54
43
12
20
93
16
69
98
40
99
40
86
96
97
37
17
92
98
48
49
58
12
76
83
4
73
45
52
46
47
29
29
14
23
2
28
47
40
46
81
44
66
23
46
70
69
78
64
62
75
89
82
25
46
16
91
18
71
28
88
3
33
79
11
46
38
19
51
85
31
70
38
20
84
84
17
73
47
35
15
55
73
97
44
49
66
78
91
69
36
72
4
31
46
0
18
24
79
12
73
72
58
22
99
100
16
68
90
41
85
65
35
68
75
39
42
80
59
80
47
78
71
86
59
93
79
87
28
11
87
28
97
38
52
70
79
3
29
53
72
61
100
86
8
29
29
56
41
91
92
54
8
33
63
87
10
85
9
69
11
81
57
50
41
15
73
76
91
27
34
11
55
88
59
22
37
75
73
63
42